4.0
1.491937
3.954840
1.475808
3.909679
1.459678
3.864519
1.443549
3.819358
1.427420
3.774194
1.411292
3.729034
1.395163
3.683873
1.379033
3.638713
1.362904
3.593549
1.346775
3.548388
1.330647
3.503228
1.314517
3.458067
1.298388
3.412907
1.282259
3.367743
1.266130
3.322582
1.250000
3.277422
1.233872
3.232261
1.217743
3.187097
1.201614
3.141937
1.185485
3.096776
1.169355
3.051616
1.153227
3.006455
1.137098
2.961291
1.120969
2.916131
1.104839
2.870970
1.088710
2.825810
1.072582
2.780646
1.056453
2.735485
1.040324
2.690325
1.024194
2.645164
1.008065
2.600000
0.991937
2.554840
0.975808
2.509679
0.959678
2.464519
0.943549
2.419358
0.927420
2.374194
0.911292
2.329034
0.895163
2.283873
0.879033
2.238713
0.862904
2.193549
0.846775
2.148388
0.830647
2.103228
0.814517
2.058067
0.798388
2.012907
0.782259
1.967743
0.766130
1.922582
0.750000
1.877422
0.733872
1.832261
0.717743
1.787097
0.701614
1.741937
0.685485
1.696776
0.669355
1.651616
0.653227
1.606455
0.637098
1.561291
0.620969
1.516131
0.604839
1.470970
0.588710
1.425810
0.572582
1.380646
0.556453
1.335485
0.540324
1.290325
0.524194
1.245164
0.508065
1.200000
0.491937
1.154840
0.475808
1.109679
0.459678
1.064519
0.443549
1.019358
0.427420
0.974194
0.411292
0.929034
0.395163
0.883873
0.379033
0.838713
0.362904
0.793549
0.346775
0.748388
0.330647
0.703228
0.314517
0.658067
0.298388
0.612907
0.282259
0.567743
0.266130
0.522582
0.250000
